{
    "Tr_000": [
        [
            0.0075337449088692665,
            -0.9999713897705078,
            -0.00061660201754421,
            -0.004069766029715538
        ],
        [
            0.01480249036103487,
            0.0007280732970684767,
            -0.9998902082443237,
            -0.07631617784500122
        ],
        [
            0.9998620748519897,
            0.007523790001869202,
            0.014807550236582756,
            -0.2717806100845337
        ],
        [
            0.0,
            0.0,
            0.0,
            1.0
        ]
    ],
    "Tr_001": [
        [
            0.0075337449088692665,
            -0.9999713897705078,
            -0.00061660201754421,
            -0.004069766029715538
        ],
        [
            0.01480249036103487,
            0.0007280732970684767,
            -0.9998902082443237,
            -0.07631617784500122
        ],
        [
            0.9998620748519897,
            0.007523790001869202,
            0.014807550236582756,
            -0.2717806100845337
        ],
        [
            0.0,
            0.0,
            0.0,
            1.0
        ]
    ],
    "Tr_002": [
        [
            0.0075337449088692665,
            -0.9999713897705078,
            -0.00061660201754421,
            -0.004069766029715538
        ],
        [
            0.01480249036103487,
            0.0007280732970684767,
            -0.9998902082443237,
            -0.07631617784500122
        ],
        [
            0.9998620748519897,
            0.007523790001869202,
            0.014807550236582756,
            -0.2717806100845337
        ],
        [
            0.0,
            0.0,
            0.0,
            1.0
        ]
    ],
    "Tr_003": [
        [
            0.0075337449088692665,
            -0.9999713897705078,
            -0.00061660201754421,
            -0.004069766029715538
        ],
        [
            0.01480249036103487,
            0.0007280732970684767,
            -0.9998902082443237,
            -0.07631617784500122
        ],
        [
            0.9998620748519897,
            0.007523790001869202,
            0.014807550236582756,
            -0.2717806100845337
        ],
        [
            0.0,
            0.0,
            0.0,
            1.0
        ]
    ],
    "Tr_004": [
        [
            0.0075337449088692665,
            -0.9999713897705078,
            -0.00061660201754421,
            -0.004069766029715538
        ],
        [
            0.01480249036103487,
            0.0007280732970684767,
            -0.9998902082443237,
            -0.07631617784500122
        ],
        [
            0.9998620748519897,
            0.007523790001869202,
            0.014807550236582756,
            -0.2717806100845337
        ],
        [
            0.0,
            0.0,
            0.0,
            1.0
        ]
    ],
    "Tr_005": [
        [
            0.0075337449088692665,
            -0.9999713897705078,
            -0.00061660201754421,
            -0.004069766029715538
        ],
        [
            0.01480249036103487,
            0.0007280732970684767,
            -0.9998902082443237,
            -0.07631617784500122
        ],
        [
            0.9998620748519897,
            0.007523790001869202,
            0.014807550236582756,
            -0.2717806100845337
        ],
        [
            0.0,
            0.0,
            0.0,
            1.0
        ]
    ],
    "Tr_006": [
        [
            0.0075337449088692665,
            -0.9999713897705078,
            -0.00061660201754421,
            -0.004069766029715538
        ],
        [
            0.01480249036103487,
            0.0007280732970684767,
            -0.9998902082443237,
            -0.07631617784500122
        ],
        [
            0.9998620748519897,
            0.007523790001869202,
            0.014807550236582756,
            -0.2717806100845337
        ],
        [
            0.0,
            0.0,
            0.0,
            1.0
        ]
    ],
    "Tr_007": [
        [
            0.0075337449088692665,
            -0.9999713897705078,
            -0.00061660201754421,
            -0.004069766029715538
        ],
        [
            0.01480249036103487,
            0.0007280732970684767,
            -0.9998902082443237,
            -0.07631617784500122
        ],
        [
            0.9998620748519897,
            0.007523790001869202,
            0.014807550236582756,
            -0.2717806100845337
        ],
        [
            0.0,
            0.0,
            0.0,
            1.0
        ]
    ],
    "Tr_008": [
        [
            0.0075337449088692665,
            -0.9999713897705078,
            -0.00061660201754421,
            -0.004069766029715538
        ],
        [
            0.01480249036103487,
            0.0007280732970684767,
            -0.9998902082443237,
            -0.07631617784500122
        ],
        [
            0.9998620748519897,
            0.007523790001869202,
            0.014807550236582756,
            -0.2717806100845337
        ],
        [
            0.0,
            0.0,
            0.0,
            1.0
        ]
    ],
    "Tr_009": [
        [
            0.0075337449088692665,
            -0.9999713897705078,
            -0.00061660201754421,
            -0.004069766029715538
        ],
        [
            0.01480249036103487,
            0.0007280732970684767,
            -0.9998902082443237,
            -0.07631617784500122
        ],
        [
            0.9998620748519897,
            0.007523790001869202,
            0.014807550236582756,
            -0.2717806100845337
        ],
        [
            0.0,
            0.0,
            0.0,
            1.0
        ]
    ],
    "Tr_010": [
        [
            0.0075337449088692665,
            -0.9999713897705078,
            -0.00061660201754421,
            -0.004069766029715538
        ],
        [
            0.01480249036103487,
            0.0007280732970684767,
            -0.9998902082443237,
            -0.07631617784500122
        ],
        [
            0.9998620748519897,
            0.007523790001869202,
            0.014807550236582756,
            -0.2717806100845337
        ],
        [
            0.0,
            0.0,
            0.0,
            1.0
        ]
    ],
    "Tr_011": [
        [
            0.0075337449088692665,
            -0.9999713897705078,
            -0.00061660201754421,
            -0.004069766029715538
        ],
        [
            0.01480249036103487,
            0.0007280732970684767,
            -0.9998902082443237,
            -0.07631617784500122
        ],
        [
            0.9998620748519897,
            0.007523790001869202,
            0.014807550236582756,
            -0.2717806100845337
        ],
        [
            0.0,
            0.0,
            0.0,
            1.0
        ]
    ],
    "Tr_012": [
        [
            0.0075337449088692665,
            -0.9999713897705078,
            -0.00061660201754421,
            -0.004069766029715538
        ],
        [
            0.01480249036103487,
            0.0007280732970684767,
            -0.9998902082443237,
            -0.07631617784500122
        ],
        [
            0.9998620748519897,
            0.007523790001869202,
            0.014807550236582756,
            -0.2717806100845337
        ],
        [
            0.0,
            0.0,
            0.0,
            1.0
        ]
    ],
    "Tr_013": [
        [
            0.0075337449088692665,
            -0.9999713897705078,
            -0.00061660201754421,
            -0.004069766029715538
        ],
        [
            0.01480249036103487,
            0.0007280732970684767,
            -0.9998902082443237,
            -0.07631617784500122
        ],
        [
            0.9998620748519897,
            0.007523790001869202,
            0.014807550236582756,
            -0.2717806100845337
        ],
        [
            0.0,
            0.0,
            0.0,
            1.0
        ]
    ],
    "Tr_014": [
        [
            0.0075337449088692665,
            -0.9999713897705078,
            -0.00061660201754421,
            -0.004069766029715538
        ],
        [
            0.01480249036103487,
            0.0007280732970684767,
            -0.9998902082443237,
            -0.07631617784500122
        ],
        [
            0.9998620748519897,
            0.007523790001869202,
            0.014807550236582756,
            -0.2717806100845337
        ],
        [
            0.0,
            0.0,
            0.0,
            1.0
        ]
    ],
    "Tr_015": [
        [
            0.0075337449088692665,
            -0.9999713897705078,
            -0.00061660201754421,
            -0.004069766029715538
        ],
        [
            0.01480249036103487,
            0.0007280732970684767,
            -0.9998902082443237,
            -0.07631617784500122
        ],
        [
            0.9998620748519897,
            0.007523790001869202,
            0.014807550236582756,
            -0.2717806100845337
        ],
        [
            0.0,
            0.0,
            0.0,
            1.0
        ]
    ],
    "Tr_016": [
        [
            0.0075337449088692665,
            -0.9999713897705078,
            -0.00061660201754421,
            -0.004069766029715538
        ],
        [
            0.01480249036103487,
            0.0007280732970684767,
            -0.9998902082443237,
            -0.07631617784500122
        ],
        [
            0.9998620748519897,
            0.007523790001869202,
            0.014807550236582756,
            -0.2717806100845337
        ],
        [
            0.0,
            0.0,
            0.0,
            1.0
        ]
    ],
    "Tr_017": [
        [
            0.0075337449088692665,
            -0.9999713897705078,
            -0.00061660201754421,
            -0.004069766029715538
        ],
        [
            0.01480249036103487,
            0.0007280732970684767,
            -0.9998902082443237,
            -0.07631617784500122
        ],
        [
            0.9998620748519897,
            0.007523790001869202,
            0.014807550236582756,
            -0.2717806100845337
        ],
        [
            0.0,
            0.0,
            0.0,
            1.0
        ]
    ],
    "Tr_018": [
        [
            0.0075337449088692665,
            -0.9999713897705078,
            -0.00061660201754421,
            -0.004069766029715538
        ],
        [
            0.01480249036103487,
            0.0007280732970684767,
            -0.9998902082443237,
            -0.07631617784500122
        ],
        [
            0.9998620748519897,
            0.007523790001869202,
            0.014807550236582756,
            -0.2717806100845337
        ],
        [
            0.0,
            0.0,
            0.0,
            1.0
        ]
    ],
    "Tr_019": [
        [
            0.0075337449088692665,
            -0.9999713897705078,
            -0.00061660201754421,
            -0.004069766029715538
        ],
        [
            0.01480249036103487,
            0.0007280732970684767,
            -0.9998902082443237,
            -0.07631617784500122
        ],
        [
            0.9998620748519897,
            0.007523790001869202,
            0.014807550236582756,
            -0.2717806100845337
        ],
        [
            0.0,
            0.0,
            0.0,
            1.0
        ]
    ],
    "Tr_020": [
        [
            0.0075337449088692665,
            -0.9999713897705078,
            -0.00061660201754421,
            -0.004069766029715538
        ],
        [
            0.01480249036103487,
            0.0007280732970684767,
            -0.9998902082443237,
            -0.07631617784500122
        ],
        [
            0.9998620748519897,
            0.007523790001869202,
            0.014807550236582756,
            -0.2717806100845337
        ],
        [
            0.0,
            0.0,
            0.0,
            1.0
        ]
    ],
    "Tr_021": [
        [
            0.0075337449088692665,
            -0.9999713897705078,
            -0.00061660201754421,
            -0.004069766029715538
        ],
        [
            0.01480249036103487,
            0.0007280732970684767,
            -0.9998902082443237,
            -0.07631617784500122
        ],
        [
            0.9998620748519897,
            0.007523790001869202,
            0.014807550236582756,
            -0.2717806100845337
        ],
        [
            0.0,
            0.0,
            0.0,
            1.0
        ]
    ],
    "Tr_022": [
        [
            0.0075337449088692665,
            -0.9999713897705078,
            -0.00061660201754421,
            -0.004069766029715538
        ],
        [
            0.01480249036103487,
            0.0007280732970684767,
            -0.9998902082443237,
            -0.07631617784500122
        ],
        [
            0.9998620748519897,
            0.007523790001869202,
            0.014807550236582756,
            -0.2717806100845337
        ],
        [
            0.0,
            0.0,
            0.0,
            1.0
        ]
    ],
    "Tr_023": [
        [
            0.0075337449088692665,
            -0.9999713897705078,
            -0.00061660201754421,
            -0.004069766029715538
        ],
        [
            0.01480249036103487,
            0.0007280732970684767,
            -0.9998902082443237,
            -0.07631617784500122
        ],
        [
            0.9998620748519897,
            0.007523790001869202,
            0.014807550236582756,
            -0.2717806100845337
        ],
        [
            0.0,
            0.0,
            0.0,
            1.0
        ]
    ],
    "Tr_024": [
        [
            0.0075337449088692665,
            -0.9999713897705078,
            -0.00061660201754421,
            -0.004069766029715538
        ],
        [
            0.01480249036103487,
            0.0007280732970684767,
            -0.9998902082443237,
            -0.07631617784500122
        ],
        [
            0.9998620748519897,
            0.007523790001869202,
            0.014807550236582756,
            -0.2717806100845337
        ],
        [
            0.0,
            0.0,
            0.0,
            1.0
        ]
    ],
    "Tr_025": [
        [
            0.0075337449088692665,
            -0.9999713897705078,
            -0.00061660201754421,
            -0.004069766029715538
        ],
        [
            0.01480249036103487,
            0.0007280732970684767,
            -0.9998902082443237,
            -0.07631617784500122
        ],
        [
            0.9998620748519897,
            0.007523790001869202,
            0.014807550236582756,
            -0.2717806100845337
        ],
        [
            0.0,
            0.0,
            0.0,
            1.0
        ]
    ],
    "Tr_026": [
        [
            0.0075337449088692665,
            -0.9999713897705078,
            -0.00061660201754421,
            -0.004069766029715538
        ],
        [
            0.01480249036103487,
            0.0007280732970684767,
            -0.9998902082443237,
            -0.07631617784500122
        ],
        [
            0.9998620748519897,
            0.007523790001869202,
            0.014807550236582756,
            -0.2717806100845337
        ],
        [
            0.0,
            0.0,
            0.0,
            1.0
        ]
    ],
    "Tr_027": [
        [
            0.0075337449088692665,
            -0.9999713897705078,
            -0.00061660201754421,
            -0.004069766029715538
        ],
        [
            0.01480249036103487,
            0.0007280732970684767,
            -0.9998902082443237,
            -0.07631617784500122
        ],
        [
            0.9998620748519897,
            0.007523790001869202,
            0.014807550236582756,
            -0.2717806100845337
        ],
        [
            0.0,
            0.0,
            0.0,
            1.0
        ]
    ],
    "Tr_028": [
        [
            0.0075337449088692665,
            -0.9999713897705078,
            -0.00061660201754421,
            -0.004069766029715538
        ],
        [
            0.01480249036103487,
            0.0007280732970684767,
            -0.9998902082443237,
            -0.07631617784500122
        ],
        [
            0.9998620748519897,
            0.007523790001869202,
            0.014807550236582756,
            -0.2717806100845337
        ],
        [
            0.0,
            0.0,
            0.0,
            1.0
        ]
    ],
    "Tr_029": [
        [
            0.0075337449088692665,
            -0.9999713897705078,
            -0.00061660201754421,
            -0.004069766029715538
        ],
        [
            0.01480249036103487,
            0.0007280732970684767,
            -0.9998902082443237,
            -0.07631617784500122
        ],
        [
            0.9998620748519897,
            0.007523790001869202,
            0.014807550236582756,
            -0.2717806100845337
        ],
        [
            0.0,
            0.0,
            0.0,
            1.0
        ]
    ],
    "Tr_030": [
        [
            0.0075337449088692665,
            -0.9999713897705078,
            -0.00061660201754421,
            -0.004069766029715538
        ],
        [
            0.01480249036103487,
            0.0007280732970684767,
            -0.9998902082443237,
            -0.07631617784500122
        ],
        [
            0.9998620748519897,
            0.007523790001869202,
            0.014807550236582756,
            -0.2717806100845337
        ],
        [
            0.0,
            0.0,
            0.0,
            1.0
        ]
    ],
    "Tr_031": [
        [
            0.0075337449088692665,
            -0.9999713897705078,
            -0.00061660201754421,
            -0.004069766029715538
        ],
        [
            0.01480249036103487,
            0.0007280732970684767,
            -0.9998902082443237,
            -0.07631617784500122
        ],
        [
            0.9998620748519897,
            0.007523790001869202,
            0.014807550236582756,
            -0.2717806100845337
        ],
        [
            0.0,
            0.0,
            0.0,
            1.0
        ]
    ],
    "Tr_032": [
        [
            0.0075337449088692665,
            -0.9999713897705078,
            -0.00061660201754421,
            -0.004069766029715538
        ],
        [
            0.01480249036103487,
            0.0007280732970684767,
            -0.9998902082443237,
            -0.07631617784500122
        ],
        [
            0.9998620748519897,
            0.007523790001869202,
            0.014807550236582756,
            -0.2717806100845337
        ],
        [
            0.0,
            0.0,
            0.0,
            1.0
        ]
    ],
    "Tr_033": [
        [
            0.0075337449088692665,
            -0.9999713897705078,
            -0.00061660201754421,
            -0.004069766029715538
        ],
        [
            0.01480249036103487,
            0.0007280732970684767,
            -0.9998902082443237,
            -0.07631617784500122
        ],
        [
            0.9998620748519897,
            0.007523790001869202,
            0.014807550236582756,
            -0.2717806100845337
        ],
        [
            0.0,
            0.0,
            0.0,
            1.0
        ]
    ],
    "Tr_034": [
        [
            0.0075337449088692665,
            -0.9999713897705078,
            -0.00061660201754421,
            -0.004069766029715538
        ],
        [
            0.01480249036103487,
            0.0007280732970684767,
            -0.9998902082443237,
            -0.07631617784500122
        ],
        [
            0.9998620748519897,
            0.007523790001869202,
            0.014807550236582756,
            -0.2717806100845337
        ],
        [
            0.0,
            0.0,
            0.0,
            1.0
        ]
    ],
    "Tr_035": [
        [
            0.0075337449088692665,
            -0.9999713897705078,
            -0.00061660201754421,
            -0.004069766029715538
        ],
        [
            0.01480249036103487,
            0.0007280732970684767,
            -0.9998902082443237,
            -0.07631617784500122
        ],
        [
            0.9998620748519897,
            0.007523790001869202,
            0.014807550236582756,
            -0.2717806100845337
        ],
        [
            0.0,
            0.0,
            0.0,
            1.0
        ]
    ],
    "Tr_036": [
        [
            0.0075337449088692665,
            -0.9999713897705078,
            -0.00061660201754421,
            -0.004069766029715538
        ],
        [
            0.01480249036103487,
            0.0007280732970684767,
            -0.9998902082443237,
            -0.07631617784500122
        ],
        [
            0.9998620748519897,
            0.007523790001869202,
            0.014807550236582756,
            -0.2717806100845337
        ],
        [
            0.0,
            0.0,
            0.0,
            1.0
        ]
    ],
    "Tr_037": [
        [
            0.0075337449088692665,
            -0.9999713897705078,
            -0.00061660201754421,
            -0.004069766029715538
        ],
        [
            0.01480249036103487,
            0.0007280732970684767,
            -0.9998902082443237,
            -0.07631617784500122
        ],
        [
            0.9998620748519897,
            0.007523790001869202,
            0.014807550236582756,
            -0.2717806100845337
        ],
        [
            0.0,
            0.0,
            0.0,
            1.0
        ]
    ],
    "Tr_038": [
        [
            0.0075337449088692665,
            -0.9999713897705078,
            -0.00061660201754421,
            -0.004069766029715538
        ],
        [
            0.01480249036103487,
            0.0007280732970684767,
            -0.9998902082443237,
            -0.07631617784500122
        ],
        [
            0.9998620748519897,
            0.007523790001869202,
            0.014807550236582756,
            -0.2717806100845337
        ],
        [
            0.0,
            0.0,
            0.0,
            1.0
        ]
    ],
    "Tr_039": [
        [
            0.0075337449088692665,
            -0.9999713897705078,
            -0.00061660201754421,
            -0.004069766029715538
        ],
        [
            0.01480249036103487,
            0.0007280732970684767,
            -0.9998902082443237,
            -0.07631617784500122
        ],
        [
            0.9998620748519897,
            0.007523790001869202,
            0.014807550236582756,
            -0.2717806100845337
        ],
        [
            0.0,
            0.0,
            0.0,
            1.0
        ]
    ],
    "Tr_040": [
        [
            0.0075337449088692665,
            -0.9999713897705078,
            -0.00061660201754421,
            -0.004069766029715538
        ],
        [
            0.01480249036103487,
            0.0007280732970684767,
            -0.9998902082443237,
            -0.07631617784500122
        ],
        [
            0.9998620748519897,
            0.007523790001869202,
            0.014807550236582756,
            -0.2717806100845337
        ],
        [
            0.0,
            0.0,
            0.0,
            1.0
        ]
    ],
    "Tr_041": [
        [
            0.0075337449088692665,
            -0.9999713897705078,
            -0.00061660201754421,
            -0.004069766029715538
        ],
        [
            0.01480249036103487,
            0.0007280732970684767,
            -0.9998902082443237,
            -0.07631617784500122
        ],
        [
            0.9998620748519897,
            0.007523790001869202,
            0.014807550236582756,
            -0.2717806100845337
        ],
        [
            0.0,
            0.0,
            0.0,
            1.0
        ]
    ],
    "Tr_042": [
        [
            0.0075337449088692665,
            -0.9999713897705078,
            -0.00061660201754421,
            -0.004069766029715538
        ],
        [
            0.01480249036103487,
            0.0007280732970684767,
            -0.9998902082443237,
            -0.07631617784500122
        ],
        [
            0.9998620748519897,
            0.007523790001869202,
            0.014807550236582756,
            -0.2717806100845337
        ],
        [
            0.0,
            0.0,
            0.0,
            1.0
        ]
    ],
    "Tr_043": [
        [
            0.0075337449088692665,
            -0.9999713897705078,
            -0.00061660201754421,
            -0.004069766029715538
        ],
        [
            0.01480249036103487,
            0.0007280732970684767,
            -0.9998902082443237,
            -0.07631617784500122
        ],
        [
            0.9998620748519897,
            0.007523790001869202,
            0.014807550236582756,
            -0.2717806100845337
        ],
        [
            0.0,
            0.0,
            0.0,
            1.0
        ]
    ],
    "Tr_044": [
        [
            0.0075337449088692665,
            -0.9999713897705078,
            -0.00061660201754421,
            -0.004069766029715538
        ],
        [
            0.01480249036103487,
            0.0007280732970684767,
            -0.9998902082443237,
            -0.07631617784500122
        ],
        [
            0.9998620748519897,
            0.007523790001869202,
            0.014807550236582756,
            -0.2717806100845337
        ],
        [
            0.0,
            0.0,
            0.0,
            1.0
        ]
    ],
    "Tr_045": [
        [
            0.0075337449088692665,
            -0.9999713897705078,
            -0.00061660201754421,
            -0.004069766029715538
        ],
        [
            0.01480249036103487,
            0.0007280732970684767,
            -0.9998902082443237,
            -0.07631617784500122
        ],
        [
            0.9998620748519897,
            0.007523790001869202,
            0.014807550236582756,
            -0.2717806100845337
        ],
        [
            0.0,
            0.0,
            0.0,
            1.0
        ]
    ],
    "Tr_046": [
        [
            0.0075337449088692665,
            -0.9999713897705078,
            -0.00061660201754421,
            -0.004069766029715538
        ],
        [
            0.01480249036103487,
            0.0007280732970684767,
            -0.9998902082443237,
            -0.07631617784500122
        ],
        [
            0.9998620748519897,
            0.007523790001869202,
            0.014807550236582756,
            -0.2717806100845337
        ],
        [
            0.0,
            0.0,
            0.0,
            1.0
        ]
    ],
    "Tr_047": [
        [
            0.0075337449088692665,
            -0.9999713897705078,
            -0.00061660201754421,
            -0.004069766029715538
        ],
        [
            0.01480249036103487,
            0.0007280732970684767,
            -0.9998902082443237,
            -0.07631617784500122
        ],
        [
            0.9998620748519897,
            0.007523790001869202,
            0.014807550236582756,
            -0.2717806100845337
        ],
        [
            0.0,
            0.0,
            0.0,
            1.0
        ]
    ],
    "Tr_048": [
        [
            0.0075337449088692665,
            -0.9999713897705078,
            -0.00061660201754421,
            -0.004069766029715538
        ],
        [
            0.01480249036103487,
            0.0007280732970684767,
            -0.9998902082443237,
            -0.07631617784500122
        ],
        [
            0.9998620748519897,
            0.007523790001869202,
            0.014807550236582756,
            -0.2717806100845337
        ],
        [
            0.0,
            0.0,
            0.0,
            1.0
        ]
    ],
    "Tr_049": [
        [
            0.0075337449088692665,
            -0.9999713897705078,
            -0.00061660201754421,
            -0.004069766029715538
        ],
        [
            0.01480249036103487,
            0.0007280732970684767,
            -0.9998902082443237,
            -0.07631617784500122
        ],
        [
            0.9998620748519897,
            0.007523790001869202,
            0.014807550236582756,
            -0.2717806100845337
        ],
        [
            0.0,
            0.0,
            0.0,
            1.0
        ]
    ],
    "Tr_050": [
        [
            0.0075337449088692665,
            -0.9999713897705078,
            -0.00061660201754421,
            -0.004069766029715538
        ],
        [
            0.01480249036103487,
            0.0007280732970684767,
            -0.9998902082443237,
            -0.07631617784500122
        ],
        [
            0.9998620748519897,
            0.007523790001869202,
            0.014807550236582756,
            -0.2717806100845337
        ],
        [
            0.0,
            0.0,
            0.0,
            1.0
        ]
    ],
    "Tr_051": [
        [
            0.0075337449088692665,
            -0.9999713897705078,
            -0.00061660201754421,
            -0.004069766029715538
        ],
        [
            0.01480249036103487,
            0.0007280732970684767,
            -0.9998902082443237,
            -0.07631617784500122
        ],
        [
            0.9998620748519897,
            0.007523790001869202,
            0.014807550236582756,
            -0.2717806100845337
        ],
        [
            0.0,
            0.0,
            0.0,
            1.0
        ]
    ],
    "Tr_052": [
        [
            0.0075337449088692665,
            -0.9999713897705078,
            -0.00061660201754421,
            -0.004069766029715538
        ],
        [
            0.01480249036103487,
            0.0007280732970684767,
            -0.9998902082443237,
            -0.07631617784500122
        ],
        [
            0.9998620748519897,
            0.007523790001869202,
            0.014807550236582756,
            -0.2717806100845337
        ],
        [
            0.0,
            0.0,
            0.0,
            1.0
        ]
    ],
    "Tr_053": [
        [
            0.0075337449088692665,
            -0.9999713897705078,
            -0.00061660201754421,
            -0.004069766029715538
        ],
        [
            0.01480249036103487,
            0.0007280732970684767,
            -0.9998902082443237,
            -0.07631617784500122
        ],
        [
            0.9998620748519897,
            0.007523790001869202,
            0.014807550236582756,
            -0.2717806100845337
        ],
        [
            0.0,
            0.0,
            0.0,
            1.0
        ]
    ],
    "Tr_054": [
        [
            0.0075337449088692665,
            -0.9999713897705078,
            -0.00061660201754421,
            -0.004069766029715538
        ],
        [
            0.01480249036103487,
            0.0007280732970684767,
            -0.9998902082443237,
            -0.07631617784500122
        ],
        [
            0.9998620748519897,
            0.007523790001869202,
            0.014807550236582756,
            -0.2717806100845337
        ],
        [
            0.0,
            0.0,
            0.0,
            1.0
        ]
    ],
    "Tr_055": [
        [
            0.0075337449088692665,
            -0.9999713897705078,
            -0.00061660201754421,
            -0.004069766029715538
        ],
        [
            0.01480249036103487,
            0.0007280732970684767,
            -0.9998902082443237,
            -0.07631617784500122
        ],
        [
            0.9998620748519897,
            0.007523790001869202,
            0.014807550236582756,
            -0.2717806100845337
        ],
        [
            0.0,
            0.0,
            0.0,
            1.0
        ]
    ],
    "Tr_056": [
        [
            0.0075337449088692665,
            -0.9999713897705078,
            -0.00061660201754421,
            -0.004069766029715538
        ],
        [
            0.01480249036103487,
            0.0007280732970684767,
            -0.9998902082443237,
            -0.07631617784500122
        ],
        [
            0.9998620748519897,
            0.007523790001869202,
            0.014807550236582756,
            -0.2717806100845337
        ],
        [
            0.0,
            0.0,
            0.0,
            1.0
        ]
    ],
    "Tr_057": [
        [
            0.0075337449088692665,
            -0.9999713897705078,
            -0.00061660201754421,
            -0.004069766029715538
        ],
        [
            0.01480249036103487,
            0.0007280732970684767,
            -0.9998902082443237,
            -0.07631617784500122
        ],
        [
            0.9998620748519897,
            0.007523790001869202,
            0.014807550236582756,
            -0.2717806100845337
        ],
        [
            0.0,
            0.0,
            0.0,
            1.0
        ]
    ],
    "Tr_058": [
        [
            0.0075337449088692665,
            -0.9999713897705078,
            -0.00061660201754421,
            -0.004069766029715538
        ],
        [
            0.01480249036103487,
            0.0007280732970684767,
            -0.9998902082443237,
            -0.07631617784500122
        ],
        [
            0.9998620748519897,
            0.007523790001869202,
            0.014807550236582756,
            -0.2717806100845337
        ],
        [
            0.0,
            0.0,
            0.0,
            1.0
        ]
    ],
    "Tr_059": [
        [
            0.0075337449088692665,
            -0.9999713897705078,
            -0.00061660201754421,
            -0.004069766029715538
        ],
        [
            0.01480249036103487,
            0.0007280732970684767,
            -0.9998902082443237,
            -0.07631617784500122
        ],
        [
            0.9998620748519897,
            0.007523790001869202,
            0.014807550236582756,
            -0.2717806100845337
        ],
        [
            0.0,
            0.0,
            0.0,
            1.0
        ]
    ],
    "Tr_060": [
        [
            0.0075337449088692665,
            -0.9999713897705078,
            -0.00061660201754421,
            -0.004069766029715538
        ],
        [
            0.01480249036103487,
            0.0007280732970684767,
            -0.9998902082443237,
            -0.07631617784500122
        ],
        [
            0.9998620748519897,
            0.007523790001869202,
            0.014807550236582756,
            -0.2717806100845337
        ],
        [
            0.0,
            0.0,
            0.0,
            1.0
        ]
    ],
    "Tr_061": [
        [
            0.0075337449088692665,
            -0.9999713897705078,
            -0.00061660201754421,
            -0.004069766029715538
        ],
        [
            0.01480249036103487,
            0.0007280732970684767,
            -0.9998902082443237,
            -0.07631617784500122
        ],
        [
            0.9998620748519897,
            0.007523790001869202,
            0.014807550236582756,
            -0.2717806100845337
        ],
        [
            0.0,
            0.0,
            0.0,
            1.0
        ]
    ],
    "Tr_062": [
        [
            0.0075337449088692665,
            -0.9999713897705078,
            -0.00061660201754421,
            -0.004069766029715538
        ],
        [
            0.01480249036103487,
            0.0007280732970684767,
            -0.9998902082443237,
            -0.07631617784500122
        ],
        [
            0.9998620748519897,
            0.007523790001869202,
            0.014807550236582756,
            -0.2717806100845337
        ],
        [
            0.0,
            0.0,
            0.0,
            1.0
        ]
    ],
    "Tr_063": [
        [
            0.0075337449088692665,
            -0.9999713897705078,
            -0.00061660201754421,
            -0.004069766029715538
        ],
        [
            0.01480249036103487,
            0.0007280732970684767,
            -0.9998902082443237,
            -0.07631617784500122
        ],
        [
            0.9998620748519897,
            0.007523790001869202,
            0.014807550236582756,
            -0.2717806100845337
        ],
        [
            0.0,
            0.0,
            0.0,
            1.0
        ]
    ],
    "Tr_064": [
        [
            0.0075337449088692665,
            -0.9999713897705078,
            -0.00061660201754421,
            -0.004069766029715538
        ],
        [
            0.01480249036103487,
            0.0007280732970684767,
            -0.9998902082443237,
            -0.07631617784500122
        ],
        [
            0.9998620748519897,
            0.007523790001869202,
            0.014807550236582756,
            -0.2717806100845337
        ],
        [
            0.0,
            0.0,
            0.0,
            1.0
        ]
    ],
    "Tr_065": [
        [
            0.0075337449088692665,
            -0.9999713897705078,
            -0.00061660201754421,
            -0.004069766029715538
        ],
        [
            0.01480249036103487,
            0.0007280732970684767,
            -0.9998902082443237,
            -0.07631617784500122
        ],
        [
            0.9998620748519897,
            0.007523790001869202,
            0.014807550236582756,
            -0.2717806100845337
        ],
        [
            0.0,
            0.0,
            0.0,
            1.0
        ]
    ],
    "Tr_066": [
        [
            0.0075337449088692665,
            -0.9999713897705078,
            -0.00061660201754421,
            -0.004069766029715538
        ],
        [
            0.01480249036103487,
            0.0007280732970684767,
            -0.9998902082443237,
            -0.07631617784500122
        ],
        [
            0.9998620748519897,
            0.007523790001869202,
            0.014807550236582756,
            -0.2717806100845337
        ],
        [
            0.0,
            0.0,
            0.0,
            1.0
        ]
    ],
    "Tr_067": [
        [
            0.0075337449088692665,
            -0.9999713897705078,
            -0.00061660201754421,
            -0.004069766029715538
        ],
        [
            0.01480249036103487,
            0.0007280732970684767,
            -0.9998902082443237,
            -0.07631617784500122
        ],
        [
            0.9998620748519897,
            0.007523790001869202,
            0.014807550236582756,
            -0.2717806100845337
        ],
        [
            0.0,
            0.0,
            0.0,
            1.0
        ]
    ],
    "Tr_068": [
        [
            0.0075337449088692665,
            -0.9999713897705078,
            -0.00061660201754421,
            -0.004069766029715538
        ],
        [
            0.01480249036103487,
            0.0007280732970684767,
            -0.9998902082443237,
            -0.07631617784500122
        ],
        [
            0.9998620748519897,
            0.007523790001869202,
            0.014807550236582756,
            -0.2717806100845337
        ],
        [
            0.0,
            0.0,
            0.0,
            1.0
        ]
    ],
    "Tr_069": [
        [
            0.0075337449088692665,
            -0.9999713897705078,
            -0.00061660201754421,
            -0.004069766029715538
        ],
        [
            0.01480249036103487,
            0.0007280732970684767,
            -0.9998902082443237,
            -0.07631617784500122
